subTopicID	docID
1.1	1.1
1.1	1.2
1.1	1.3
1.1	1.4
1.1	1.5
1.1	1.6
1.1	1.7
1.1	1.8
1.1	1.9
1.1	1.10
1.1	1.11
1.1	1.12
1.1	1.13
1.1	1.14
1.1	1.15
1.1	1.16
1.1	1.17
1.1	1.18
1.1	1.19
1.1	1.20
1.1	1.21
1.1	1.22
1.1	1.23
1.1	1.24
1.1	1.25
1.1	1.26
1.1	1.27
1.1	1.28
1.1	1.29
1.1	1.30
1.1	1.31
1.1	1.32
1.1	1.33
1.1	1.34
1.1	1.35
1.1	1.36
1.1	1.37
1.1	1.38
1.1	1.39
1.1	1.40
1.1	1.41
1.1	1.42
1.1	1.43
1.1	1.44
1.1	1.45
1.1	1.46
1.1	1.47
1.1	1.48
1.1	1.49
1.1	1.50
1.1	1.51
1.1	1.52
1.1	1.53
1.1	1.54
1.1	1.55
1.1	1.56
1.1	1.57
1.1	1.58
1.1	1.59
1.1	1.60
1.1	1.61
1.2	1.62
1.2	1.63
1.2	1.64
1.2	1.65
1.2	1.66
1.2	1.67
1.2	1.68
1.2	1.69
1.2	1.70
1.2	1.71
1.2	1.72
1.2	1.73
1.2	1.74
1.2	1.75
1.2	1.76
1.2	1.77
1.2	1.78
1.2	1.79
1.2	1.80
1.2	1.81
1.2	1.82
1.2	1.83
1.2	1.84
1.2	1.85
1.3	1.86
1.3	1.87
1.3	1.88
1.3	1.89
1.4	1.90
1.4	1.91
1.4	1.92
1.4	1.93
1.5	1.94
1.5	1.95
1.5	1.96
1.5	1.97
1.6	1.98
1.6	1.99
1.6	1.100
1.6	1.101
1.7	1.102
1.7	1.103
1.7	1.104
1.7	1.105
1.8	1.106
1.8	1.107
1.8	1.108
1.8	1.109
1.9	1.110
1.9	1.111
1.9	1.112
1.9	1.113
1.10	1.114
1.10	1.115
1.10	1.116
1.10	1.117
2.1	2.1
2.1	2.2
2.1	2.3
2.1	2.4
2.1	2.5
2.1	2.6
2.1	2.7
2.1	2.8
2.1	2.9
2.1	2.10
2.1	2.11
2.1	2.12
2.1	2.13
2.1	2.14
2.1	2.15
2.1	2.16
2.1	2.17
2.1	2.18
2.1	2.19
2.1	2.20
2.1	2.21
2.1	2.22
2.1	2.23
2.1	2.24
2.1	2.25
2.1	2.26
2.1	2.27
2.1	2.28
2.1	2.29
2.1	2.30
2.1	2.31
2.1	2.32
2.1	2.33
2.1	2.34
2.1	2.35
2.2	2.36
2.2	2.37
2.2	2.38
2.2	2.39
2.2	2.40
2.2	2.41
2.2	2.42
2.2	2.43
2.2	2.44
2.2	2.45
2.2	2.46
2.2	2.47
2.2	2.48
2.2	2.49
2.2	2.50
2.2	2.51
2.2	2.52
2.2	2.53
2.2	2.54
2.2	2.55
2.2	2.56
2.2	2.57
2.2	2.58
2.2	2.59
2.2	2.60
2.2	2.61
2.2	2.62
2.3	2.63
2.3	2.64
2.3	2.65
2.3	2.66
2.3	2.67
2.3	2.68
2.3	2.69
2.4	2.70
2.4	2.71
2.4	2.72
2.4	2.73
2.4	2.74
2.4	2.75
2.4	2.76
2.5	2.77
2.5	2.78
2.5	2.79
2.5	2.80
2.6	2.81
2.6	2.82
2.6	2.83
2.6	2.84
2.7	2.85
2.7	2.86
2.7	2.87
2.7	2.88
2.8	2.89
2.8	2.90
2.8	2.91
2.8	2.92
2.9	2.93
2.9	2.94
2.9	2.95
2.9	2.96
2.10	2.97
2.10	2.98
2.10	2.99
2.10	2.100
3.1	3.1
3.1	3.2
3.1	3.3
3.1	3.4
3.1	3.5
3.1	3.6
3.1	3.7
3.1	3.8
3.1	3.9
3.1	3.10
3.1	3.11
3.1	3.12
3.1	3.13
3.1	3.14
3.1	3.15
3.1	3.16
3.1	3.17
3.1	3.18
3.1	3.19
3.1	3.20
3.1	3.21
3.1	3.22
3.2	3.23
3.2	3.24
3.2	3.25
3.2	3.26
3.2	3.27
3.2	3.28
3.2	3.29
3.2	3.30
3.2	3.31
3.2	3.32
3.2	3.33
3.2	3.34
3.2	3.35
3.2	3.36
3.2	3.37
3.2	3.38
3.3	3.39
3.3	3.40
3.3	3.41
3.3	3.42
3.3	3.43
3.3	3.44
3.3	3.45
3.3	3.46
3.3	3.47
3.3	3.48
3.3	3.49
3.3	3.50
3.3	3.51
3.3	3.52
3.4	3.53
3.4	3.54
3.4	3.55
3.4	3.56
3.4	3.57
3.4	3.58
3.4	3.59
3.4	3.60
3.4	3.61
3.4	3.62
3.4	3.63
3.4	3.64
3.4	3.65
3.5	3.66
3.5	3.67
3.5	3.68
3.5	3.69
3.5	3.70
3.5	3.71
3.5	3.72
3.5	3.73
3.5	3.74
3.5	3.75
3.5	3.76
3.5	3.77
3.6	3.78
3.6	3.79
3.6	3.80
3.6	3.81
3.6	3.82
3.6	3.83
3.6	3.84
3.6	3.85
3.6	3.86
3.6	3.87
3.7	3.88
3.7	3.89
3.7	3.90
3.7	3.91
3.8	3.92
3.8	3.93
3.8	3.94
3.8	3.95
3.9	3.96
3.9	3.97
3.9	3.98
3.9	3.99
3.10	3.100
3.10	3.101
3.10	3.102
3.10	3.103
4.1	4.1
4.1	4.2
4.1	4.3
4.1	4.4
4.1	4.5
4.1	4.6
4.1	4.7
4.1	4.8
4.1	4.9
4.1	4.10
4.1	4.11
4.1	4.12
4.1	4.13
4.1	4.14
4.1	4.15
4.1	4.16
4.1	4.17
4.1	4.18
4.1	4.19
4.1	4.20
4.1	4.21
4.1	4.22
4.1	4.23
4.1	4.24
4.1	4.25
4.1	4.26
4.1	4.27
4.1	4.28
4.1	4.29
4.1	4.30
4.1	4.31
4.1	4.32
4.2	4.33
4.2	4.34
4.2	4.35
4.2	4.36
4.2	4.37
4.2	4.38
4.2	4.39
4.2	4.40
4.2	4.41
4.2	4.42
4.2	4.43
4.2	4.44
4.2	4.45
4.2	4.46
4.2	4.47
4.2	4.48
4.2	4.49
4.2	4.50
4.2	4.51
4.2	4.52
4.2	4.53
4.2	4.54
4.2	4.55
4.2	4.56
4.2	4.57
4.2	4.58
4.3	4.59
4.3	4.60
4.3	4.61
4.3	4.62
4.3	4.63
4.3	4.64
4.3	4.65
4.3	4.66
4.3	4.67
4.4	4.68
4.4	4.69
4.4	4.70
4.4	4.71
4.4	4.72
4.4	4.73
4.4	4.74
4.4	4.75
4.5	4.76
4.5	4.77
4.5	4.78
4.5	4.79
4.5	4.80
4.5	4.81
4.6	4.82
4.6	4.83
4.6	4.84
4.6	4.85
4.6	4.86
4.6	4.87
4.7	4.88
4.7	4.89
4.7	4.90
4.7	4.91
4.8	4.92
4.8	4.93
4.8	4.94
4.8	4.95
4.9	4.96
4.9	4.97
4.9	4.98
4.9	4.99
5.1	5.1
5.1	5.2
5.1	5.3
5.1	5.4
5.1	5.5
5.1	5.6
5.1	5.7
5.1	5.8
5.1	5.9
5.1	5.10
5.1	5.11
5.1	5.12
5.1	5.13
5.2	5.14
5.2	5.15
5.2	5.16
5.2	5.17
5.2	5.18
5.2	5.19
5.2	5.20
5.2	5.21
5.2	5.22
5.2	5.23
5.2	5.24
5.2	5.25
5.2	5.26
5.3	5.27
5.3	5.28
5.3	5.29
5.3	5.30
5.3	5.31
5.3	5.32
5.3	5.33
5.3	5.34
5.3	5.35
5.3	5.36
5.4	5.37
5.4	5.38
5.4	5.39
5.4	5.40
5.4	5.41
5.4	5.42
5.4	5.43
5.4	5.44
5.4	5.45
5.5	5.46
5.5	5.47
5.5	5.48
5.5	5.49
5.5	5.50
5.5	5.51
5.5	5.52
5.6	5.53
5.6	5.54
5.6	5.55
5.6	5.56
5.6	5.57
5.6	5.58
5.6	5.59
5.7	5.60
5.7	5.61
5.7	5.62
5.7	5.63
5.7	5.64
5.8	5.65
5.8	5.66
5.8	5.67
5.8	5.68
5.9	5.69
5.9	5.70
5.9	5.71
5.9	5.72
5.10	5.73
5.10	5.74
5.10	5.75
5.10	5.76
6.1	6.1
6.1	6.2
6.1	6.3
6.1	6.4
6.1	6.5
6.1	6.6
6.1	6.7
6.1	6.8
6.1	6.9
6.1	6.10
6.1	6.11
6.1	6.12
6.1	6.13
6.1	6.14
6.1	6.15
6.1	6.16
6.1	6.17
6.1	6.18
6.1	6.19
6.1	6.20
6.1	6.21
6.1	6.22
6.1	6.23
6.1	6.24
6.1	6.25
6.1	6.26
6.1	6.27
6.1	6.28
6.1	6.29
6.1	6.30
6.1	6.31
6.1	6.32
6.1	6.33
6.1	6.34
6.1	6.35
6.1	6.36
6.1	6.37
6.1	6.38
6.1	6.39
6.1	6.40
6.1	6.41
6.1	6.42
6.1	6.43
6.1	6.44
6.1	6.45
6.1	6.46
6.1	6.47
6.1	6.48
6.1	6.49
6.1	6.50
6.1	6.51
6.1	6.52
6.1	6.53
6.2	6.54
6.2	6.55
6.2	6.56
6.2	6.57
6.2	6.58
6.2	6.59
6.2	6.60
6.2	6.61
6.2	6.62
6.2	6.63
6.2	6.64
6.2	6.65
6.3	6.66
6.3	6.67
6.3	6.68
6.3	6.69
6.3	6.70
6.3	6.71
6.3	6.72
6.3	6.73
6.4	6.74
6.4	6.75
6.4	6.76
6.4	6.77
6.4	6.78
6.4	6.79
6.4	6.80
6.4	6.81
6.5	6.82
6.5	6.83
6.5	6.84
6.5	6.85
6.5	6.86
6.5	6.87
6.5	6.88
6.6	6.89
6.6	6.90
6.6	6.91
6.6	6.92
6.6	6.93
6.7	6.94
6.7	6.95
6.7	6.96
6.7	6.97
7.1	7.1
7.1	7.2
7.1	7.3
7.1	7.4
7.1	7.5
7.1	7.6
7.1	7.7
7.1	7.8
7.1	7.9
7.1	7.10
7.1	7.11
7.1	7.12
7.1	7.13
7.1	7.14
7.1	7.15
7.1	7.16
7.1	7.17
7.1	7.18
7.1	7.19
7.1	7.20
7.1	7.21
7.1	7.22
7.1	7.23
7.1	7.24
7.1	7.25
7.1	7.26
7.1	7.27
7.1	7.28
7.1	7.29
7.1	7.30
7.2	7.31
7.2	7.32
7.2	7.33
7.2	7.34
7.2	7.35
7.2	7.36
7.2	7.37
7.2	7.38
7.2	7.39
7.2	7.40
7.2	7.41
7.2	7.42
7.2	7.43
7.2	7.44
7.2	7.45
7.2	7.46
7.2	7.47
7.2	7.48
7.2	7.49
7.2	7.50
7.2	7.51
7.2	7.52
7.2	7.53
7.2	7.54
7.2	7.55
7.2	7.56
7.2	7.57
7.2	7.58
7.2	7.59
7.3	7.60
7.3	7.61
7.3	7.62
7.3	7.63
7.3	7.64
7.3	7.65
7.3	7.66
7.3	7.67
7.3	7.68
7.3	7.69
7.3	7.70
7.3	7.71
7.3	7.72
7.3	7.73
7.3	7.74
7.4	7.75
7.4	7.76
7.4	7.77
7.4	7.78
7.4	7.79
7.4	7.80
7.4	7.81
7.4	7.82
7.4	7.83
7.4	7.84
7.4	7.85
7.4	7.86
7.4	7.87
7.5	7.88
7.5	7.89
7.5	7.90
7.5	7.91
7.5	7.92
7.5	7.93
7.6	7.94
7.6	7.95
7.6	7.96
7.6	7.97
7.7	7.98
7.7	7.99
7.7	7.100
7.7	7.101
8.1	8.1
8.1	8.2
8.1	8.3
8.1	8.4
8.1	8.5
8.1	8.6
8.1	8.7
8.1	8.8
8.1	8.9
8.1	8.10
8.1	8.11
8.1	8.12
8.1	8.13
8.1	8.14
8.1	8.15
8.1	8.16
8.1	8.17
8.1	8.18
8.1	8.19
8.1	8.20
8.1	8.21
8.1	8.22
8.1	8.23
8.1	8.24
8.1	8.25
8.1	8.26
8.1	8.27
8.1	8.28
8.1	8.29
8.1	8.30
8.1	8.31
8.1	8.32
8.1	8.33
8.1	8.34
8.1	8.35
8.1	8.36
8.1	8.37
8.1	8.38
8.1	8.39
8.1	8.40
8.1	8.41
8.1	8.42
8.1	8.43
8.2	8.44
8.2	8.45
8.2	8.46
8.2	8.47
8.2	8.48
8.2	8.49
8.2	8.50
8.2	8.51
8.2	8.52
8.2	8.53
8.2	8.54
8.2	8.55
8.2	8.56
8.2	8.57
8.2	8.58
8.2	8.59
8.2	8.60
8.2	8.61
8.2	8.62
8.2	8.63
8.2	8.64
8.2	8.65
8.3	8.66
8.3	8.67
8.3	8.68
8.3	8.69
8.3	8.70
8.3	8.71
8.3	8.72
8.4	8.73
8.4	8.74
8.4	8.75
8.4	8.76
8.4	8.77
8.4	8.78
8.5	8.79
8.5	8.80
8.5	8.81
8.5	8.82
8.5	8.83
8.6	8.84
8.6	8.85
8.6	8.86
8.6	8.87
8.7	8.88
8.7	8.89
8.7	8.90
8.7	8.91
8.8	8.92
8.8	8.93
8.8	8.94
8.8	8.95
8.9	8.96
8.9	8.97
8.9	8.98
8.9	8.99
8.10	8.100
8.10	8.101
8.10	8.102
8.10	8.103
9.1	9.1
9.1	9.2
9.1	9.3
9.1	9.4
9.1	9.5
9.1	9.6
9.1	9.7
9.1	9.8
9.1	9.9
9.1	9.10
9.1	9.11
9.1	9.12
9.1	9.13
9.1	9.14
9.1	9.15
9.1	9.16
9.1	9.17
9.1	9.18
9.2	9.19
9.2	9.20
9.2	9.21
9.2	9.22
9.2	9.23
9.2	9.24
9.2	9.25
9.2	9.26
9.2	9.27
9.2	9.28
9.2	9.29
9.2	9.30
9.2	9.31
9.2	9.32
9.2	9.33
9.2	9.34
9.3	9.35
9.3	9.36
9.3	9.37
9.3	9.38
9.3	9.39
9.3	9.40
9.3	9.41
9.3	9.42
9.3	9.43
9.3	9.44
9.3	9.45
9.3	9.46
9.3	9.47
9.4	9.48
9.4	9.49
9.4	9.50
9.4	9.51
9.4	9.52
9.4	9.53
9.4	9.54
9.5	9.55
9.5	9.56
9.5	9.57
9.5	9.58
9.5	9.59
9.5	9.60
9.5	9.61
9.6	9.62
9.6	9.63
9.6	9.64
9.6	9.65
9.6	9.66
9.6	9.67
9.6	9.68
9.7	9.69
9.7	9.70
9.7	9.71
9.7	9.72
9.7	9.73
9.7	9.74
9.8	9.75
9.8	9.76
9.8	9.77
9.8	9.78
9.8	9.79
9.8	9.80
9.9	9.81
9.9	9.82
9.9	9.83
9.9	9.84
9.9	9.85
9.10	9.86
9.10	9.87
9.10	9.88
9.10	9.89
10.1	10.1
10.1	10.2
10.1	10.3
10.1	10.4
10.1	10.5
10.1	10.6
10.1	10.7
10.1	10.8
10.1	10.9
10.1	10.10
10.1	10.11
10.1	10.12
10.1	10.13
10.1	10.14
10.1	10.15
10.1	10.16
10.1	10.17
10.1	10.18
10.1	10.19
10.1	10.20
10.1	10.21
10.1	10.22
10.1	10.23
10.1	10.24
10.1	10.25
10.1	10.26
10.1	10.27
10.1	10.28
10.1	10.29
10.1	10.30
10.1	10.31
10.1	10.32
10.1	10.33
10.1	10.34
10.1	10.35
10.1	10.36
10.1	10.37
10.1	10.38
10.1	10.39
10.1	10.40
10.1	10.41
10.1	10.42
10.1	10.43
10.1	10.44
10.1	10.45
10.1	10.46
10.1	10.47
10.1	10.48
10.1	10.49
10.1	10.50
10.1	10.51
10.1	10.52
10.1	10.53
10.1	10.54
10.1	10.55
10.1	10.56
10.1	10.57
10.1	10.58
10.1	10.59
10.1	10.60
10.2	10.61
10.2	10.62
10.2	10.63
10.2	10.64
10.2	10.65
10.2	10.66
10.2	10.67
10.2	10.68
10.2	10.69
10.2	10.70
10.2	10.71
10.2	10.72
10.2	10.73
10.2	10.74
10.2	10.75
10.2	10.76
10.3	10.77
10.3	10.78
10.3	10.79
10.3	10.80
10.3	10.81
10.3	10.82
10.3	10.83
10.3	10.84
10.3	10.85
10.3	10.86
10.3	10.87
10.4	10.88
10.4	10.89
10.4	10.90
10.4	10.91
10.4	10.92
10.5	10.93
10.5	10.94
10.5	10.95
10.5	10.96
10.5	10.97
10.6	10.98
10.6	10.99
10.6	10.100
10.6	10.101
11.1	11.1
11.1	11.2
11.1	11.3
11.1	11.4
11.1	11.5
11.1	11.6
11.1	11.7
11.1	11.8
11.1	11.9
11.1	11.10
11.1	11.11
11.1	11.12
11.1	11.13
11.1	11.14
11.1	11.15
11.1	11.16
11.1	11.17
11.1	11.18
11.1	11.19
11.1	11.20
11.1	11.21
11.1	11.22
11.1	11.23
11.1	11.24
11.1	11.25
11.1	11.26
11.1	11.27
11.1	11.28
11.1	11.29
11.1	11.30
11.1	11.31
11.1	11.32
11.1	11.33
11.1	11.34
11.1	11.35
11.1	11.36
11.1	11.37
11.1	11.38
11.1	11.39
11.1	11.40
11.1	11.41
11.1	11.42
11.1	11.43
11.1	11.44
11.1	11.45
11.1	11.46
11.1	11.47
11.1	11.48
11.1	11.49
11.1	11.50
11.1	11.51
11.1	11.52
11.1	11.53
11.1	11.54
11.1	11.55
11.1	11.56
11.1	11.57
11.1	11.58
11.1	11.59
11.1	11.60
11.1	11.61
11.1	11.62
11.1	11.63
11.1	11.64
11.2	11.65
11.2	11.66
11.2	11.67
11.2	11.68
11.2	11.69
11.2	11.70
11.2	11.71
11.2	11.72
11.2	11.73
11.2	11.74
11.2	11.75
11.2	11.76
11.2	11.77
11.3	11.78
11.3	11.79
11.3	11.80
11.3	11.81
11.3	11.82
11.3	11.83
11.3	11.84
11.4	11.85
11.4	11.86
11.4	11.87
11.4	11.88
11.4	11.89
11.4	11.90
11.5	11.91
11.5	11.92
11.5	11.93
11.5	11.94
11.6	11.95
11.6	11.96
11.6	11.97
11.6	11.98
12.1	12.1
12.1	12.2
12.1	12.3
12.1	12.4
12.1	12.5
12.1	12.6
12.1	12.7
12.1	12.8
12.1	12.9
12.1	12.10
12.1	12.11
12.1	12.12
12.1	12.13
12.1	12.14
12.1	12.15
12.1	12.16
12.1	12.17
12.1	12.18
12.1	12.19
12.1	12.20
12.1	12.21
12.1	12.22
12.1	12.23
12.2	12.24
12.2	12.25
12.2	12.26
12.2	12.27
12.2	12.28
12.2	12.29
12.2	12.30
12.2	12.31
12.2	12.32
12.2	12.33
12.2	12.34
12.2	12.35
12.2	12.36
12.2	12.37
12.2	12.38
12.2	12.39
12.2	12.40
12.3	12.41
12.3	12.42
12.3	12.43
12.3	12.44
12.3	12.45
12.3	12.46
12.3	12.47
12.3	12.48
12.3	12.49
12.3	12.50
12.3	12.51
12.3	12.52
12.3	12.53
12.3	12.54
12.3	12.55
12.4	12.56
12.4	12.57
12.4	12.58
12.4	12.59
12.4	12.60
12.4	12.61
12.4	12.62
12.4	12.63
12.4	12.64
12.4	12.65
12.4	12.66
12.4	12.67
12.5	12.68
12.5	12.69
12.5	12.70
12.5	12.71
12.5	12.72
12.5	12.73
12.5	12.74
12.5	12.75
12.6	12.76
12.6	12.77
12.6	12.78
12.6	12.79
12.6	12.80
12.6	12.81
12.6	12.82
12.6	12.83
12.7	12.84
12.7	12.85
12.7	12.86
12.7	12.87
12.7	12.88
12.8	12.89
12.8	12.90
12.8	12.91
12.8	12.92
12.9	12.93
12.9	12.94
12.9	12.95
12.9	12.96
13.1	13.1
13.1	13.2
13.1	13.3
13.1	13.4
13.1	13.5
13.1	13.6
13.1	13.7
13.1	13.8
13.1	13.9
13.1	13.10
13.1	13.11
13.1	13.12
13.1	13.13
13.1	13.14
13.1	13.15
13.1	13.16
13.1	13.17
13.1	13.18
13.1	13.19
13.1	13.20
13.1	13.21
13.1	13.22
13.1	13.23
13.1	13.24
13.1	13.25
13.1	13.26
13.1	13.27
13.1	13.28
13.1	13.29
13.1	13.30
13.1	13.31
13.1	13.32
13.1	13.33
13.1	13.34
13.1	13.35
13.1	13.36
13.1	13.37
13.1	13.38
13.1	13.39
13.1	13.40
13.1	13.41
13.1	13.42
13.1	13.43
13.1	13.44
13.1	13.45
13.1	13.46
13.1	13.47
13.1	13.48
13.1	13.49
13.1	13.50
13.1	13.51
13.1	13.52
13.1	13.53
13.1	13.54
13.1	13.55
13.1	13.56
13.1	13.57
13.1	13.58
13.1	13.59
13.1	13.60
13.1	13.61
13.2	13.62
13.2	13.63
13.2	13.64
13.2	13.65
13.2	13.66
13.2	13.67
13.2	13.68
13.2	13.69
13.2	13.70
13.2	13.71
13.2	13.72
13.2	13.73
13.2	13.74
13.2	13.75
13.2	13.76
13.2	13.77
13.2	13.78
13.2	13.79
13.2	13.80
13.3	13.81
13.3	13.82
13.3	13.83
13.3	13.84
13.3	13.85
13.3	13.86
13.3	13.87
13.3	13.88
13.3	13.89
13.4	13.90
13.4	13.91
13.4	13.92
13.4	13.93
13.5	13.94
13.5	13.95
13.5	13.96
13.5	13.97
13.6	13.98
13.6	13.99
13.6	13.100
13.6	13.101
14.1	14.1
14.1	14.2
14.1	14.3
14.1	14.4
14.1	14.5
14.1	14.6
14.1	14.7
14.1	14.8
14.1	14.9
14.1	14.10
14.1	14.11
14.1	14.12
14.1	14.13
14.1	14.14
14.1	14.15
14.1	14.16
14.1	14.17
14.1	14.18
14.1	14.19
14.1	14.20
14.1	14.21
14.1	14.22
14.1	14.23
14.1	14.24
14.1	14.25
14.1	14.26
14.1	14.27
14.1	14.28
14.1	14.29
14.1	14.30
14.1	14.31
14.1	14.32
14.1	14.33
14.1	14.34
14.1	14.35
14.1	14.36
14.1	14.37
14.1	14.38
14.1	14.39
14.1	14.40
14.1	14.41
14.2	14.42
14.2	14.43
14.2	14.44
14.2	14.45
14.2	14.46
14.2	14.47
14.2	14.48
14.2	14.49
14.2	14.50
14.2	14.51
14.2	14.52
14.2	14.53
14.2	14.54
14.2	14.55
14.3	14.56
14.3	14.57
14.3	14.58
14.3	14.59
14.3	14.60
14.3	14.61
14.3	14.62
14.3	14.63
14.3	14.64
14.3	14.65
14.3	14.66
14.3	14.67
14.4	14.68
14.4	14.69
14.4	14.70
14.4	14.71
14.4	14.72
14.4	14.73
14.4	14.74
14.4	14.75
14.4	14.76
14.4	14.77
14.4	14.78
14.4	14.79
14.5	14.80
14.5	14.81
14.5	14.82
14.5	14.83
14.5	14.84
14.5	14.85
14.6	14.86
14.6	14.87
14.6	14.88
14.6	14.89
14.7	14.90
14.7	14.91
14.7	14.92
14.7	14.93
14.8	14.94
14.8	14.95
14.8	14.96
14.8	14.97
14.9	14.98
14.9	14.99
14.9	14.100
14.9	14.101
15.1	15.1
15.1	15.2
15.1	15.3
15.1	15.4
15.1	15.5
15.1	15.6
15.1	15.7
15.1	15.8
15.1	15.9
15.1	15.10
15.1	15.11
15.1	15.12
15.1	15.13
15.1	15.14
15.1	15.15
15.1	15.16
15.1	15.17
15.1	15.18
15.1	15.19
15.1	15.20
15.1	15.21
15.1	15.22
15.1	15.23
15.1	15.24
15.1	15.25
15.1	15.26
15.1	15.27
15.1	15.28
15.1	15.29
15.1	15.30
15.1	15.31
15.1	15.32
15.1	15.33
15.1	15.34
15.1	15.35
15.1	15.36
15.1	15.37
15.1	15.38
15.1	15.39
15.1	15.40
15.1	15.41
15.2	15.42
15.2	15.43
15.2	15.44
15.2	15.45
15.2	15.46
15.2	15.47
15.2	15.48
15.2	15.49
15.2	15.50
15.2	15.51
15.2	15.52
15.2	15.53
15.2	15.54
15.2	15.55
15.2	15.56
15.2	15.57
15.2	15.58
15.2	15.59
15.2	15.60
15.2	15.61
15.2	15.62
15.2	15.63
15.2	15.64
15.2	15.65
15.2	15.66
15.2	15.67
15.2	15.68
15.2	15.69
15.2	15.70
15.3	15.71
15.3	15.72
15.3	15.73
15.3	15.74
15.3	15.75
15.3	15.76
15.3	15.77
15.3	15.78
15.3	15.79
15.3	15.80
15.3	15.81
15.4	15.82
15.4	15.83
15.4	15.84
15.4	15.85
15.5	15.86
15.5	15.87
15.5	15.88
15.5	15.89
15.6	15.90
15.6	15.91
15.6	15.92
15.6	15.93
15.7	15.94
15.7	15.95
15.7	15.96
15.7	15.97
15.8	15.98
15.8	15.99
15.8	15.100
15.8	15.101
15.9	15.102
15.9	15.103
15.9	15.104
15.9	15.105
15.10	15.106
15.10	15.107
15.10	15.108
15.10	15.109
16.1	16.1
16.1	16.2
16.1	16.3
16.1	16.4
16.1	16.5
16.1	16.6
16.1	16.7
16.1	16.8
16.1	16.9
16.1	16.10
16.1	16.11
16.1	16.12
16.1	16.13
16.1	16.14
16.1	16.15
16.1	16.16
16.1	16.17
16.1	16.18
16.1	16.19
16.1	16.20
16.1	16.21
16.1	16.22
16.1	16.23
16.1	16.24
16.1	16.25
16.1	16.26
16.1	16.27
16.1	16.28
16.1	16.29
16.1	16.30
16.1	16.31
16.1	16.32
16.1	16.33
16.1	16.34
16.1	16.35
16.1	16.36
16.1	16.37
16.1	16.38
16.1	16.39
16.1	16.40
16.1	16.41
16.1	16.42
16.1	16.43
16.1	16.44
16.1	16.45
16.1	16.46
16.1	16.47
16.1	16.48
16.1	16.49
16.1	16.50
16.2	16.51
16.2	16.52
16.2	16.53
16.2	16.54
16.2	16.55
16.2	16.56
16.2	16.57
16.2	16.58
16.2	16.59
16.3	16.60
16.3	16.61
16.3	16.62
16.3	16.63
16.3	16.64
16.3	16.65
16.3	16.66
16.3	16.67
16.3	16.68
16.4	16.69
16.4	16.70
16.4	16.71
16.4	16.72
16.4	16.73
16.4	16.74
16.4	16.75
16.4	16.76
16.4	16.77
16.5	16.78
16.5	16.79
16.5	16.80
16.5	16.81
16.6	16.82
16.6	16.83
16.6	16.84
16.6	16.85
16.7	16.86
16.7	16.87
16.7	16.88
16.7	16.89
16.8	16.90
16.8	16.91
16.8	16.92
16.8	16.93
16.9	16.94
16.9	16.95
16.9	16.96
16.9	16.97
16.10	16.98
16.10	16.99
16.10	16.100
16.10	16.101
17.1	17.1
17.1	17.2
17.1	17.3
17.1	17.4
17.1	17.5
17.1	17.6
17.1	17.7
17.1	17.8
17.1	17.9
17.1	17.10
17.1	17.11
17.1	17.12
17.1	17.13
17.1	17.14
17.1	17.15
17.1	17.16
17.1	17.17
17.1	17.18
17.1	17.19
17.1	17.20
17.1	17.21
17.1	17.22
17.1	17.23
17.1	17.24
17.1	17.25
17.1	17.26
17.1	17.27
17.1	17.28
17.1	17.29
17.1	17.30
17.1	17.31
17.1	17.32
17.1	17.33
17.1	17.34
17.1	17.35
17.1	17.36
17.1	17.37
17.1	17.38
17.1	17.39
17.1	17.40
17.1	17.41
17.1	17.42
17.1	17.43
17.1	17.44
17.1	17.45
17.1	17.46
17.1	17.47
17.1	17.48
17.2	17.49
17.2	17.50
17.2	17.51
17.2	17.52
17.2	17.53
17.2	17.54
17.2	17.55
17.2	17.56
17.2	17.57
17.2	17.58
17.2	17.59
17.2	17.60
17.2	17.61
17.2	17.62
17.2	17.63
17.2	17.64
17.2	17.65
17.2	17.66
17.2	17.67
17.2	17.68
17.2	17.69
17.3	17.70
17.3	17.71
17.3	17.72
17.3	17.73
17.3	17.74
17.3	17.75
17.3	17.76
17.3	17.77
17.3	17.78
17.3	17.79
17.3	17.80
17.4	17.81
17.4	17.82
17.4	17.83
17.4	17.84
17.4	17.85
17.4	17.86
17.4	17.87
17.4	17.88
17.5	17.89
17.5	17.90
17.5	17.91
17.5	17.92
17.5	17.93
17.5	17.94
17.5	17.95
17.6	17.96
17.6	17.97
17.6	17.98
17.6	17.99
18.1	18.1
18.1	18.2
18.1	18.3
18.1	18.4
18.1	18.5
18.1	18.6
18.1	18.7
18.1	18.8
18.1	18.9
18.1	18.10
18.1	18.11
18.1	18.12
18.1	18.13
18.1	18.14
18.1	18.15
18.1	18.16
18.1	18.17
18.1	18.18
18.1	18.19
18.1	18.20
18.1	18.21
18.1	18.22
18.1	18.23
18.1	18.24
18.1	18.25
18.1	18.26
18.1	18.27
18.1	18.28
18.1	18.29
18.1	18.30
18.1	18.31
18.1	18.32
18.1	18.33
18.1	18.34
18.1	18.35
18.1	18.36
18.1	18.37
18.1	18.38
18.1	18.39
18.1	18.40
18.1	18.41
18.1	18.42
18.1	18.43
18.1	18.44
18.1	18.45
18.1	18.46
18.1	18.47
18.1	18.48
18.1	18.49
18.1	18.50
18.1	18.51
18.1	18.52
18.1	18.53
18.1	18.54
18.1	18.55
18.1	18.56
18.1	18.57
18.1	18.58
18.1	18.59
18.1	18.60
18.1	18.61
18.1	18.62
18.1	18.63
18.1	18.64
18.1	18.65
18.1	18.66
18.1	18.67
18.1	18.68
18.1	18.69
18.1	18.70
18.1	18.71
18.1	18.72
18.1	18.73
18.1	18.74
18.1	18.75
18.1	18.76
18.1	18.77
18.1	18.78
18.1	18.79
18.1	18.80
18.1	18.81
18.1	18.82
18.1	18.83
18.1	18.84
18.2	18.85
18.2	18.86
18.2	18.87
18.2	18.88
18.2	18.89
18.3	18.90
18.3	18.91
18.3	18.92
18.3	18.93
18.4	18.94
18.4	18.95
18.4	18.96
18.4	18.97
18.5	18.98
18.5	18.99
18.5	18.100
18.5	18.101
18.6	18.102
18.6	18.103
18.6	18.104
18.6	18.105
18.7	18.106
18.7	18.107
18.7	18.108
18.7	18.109
18.8	18.110
18.8	18.111
18.8	18.112
18.8	18.113
18.9	18.114
18.9	18.115
18.9	18.116
18.9	18.117
18.10	18.118
18.10	18.119
18.10	18.120
18.10	18.121
19.1	19.1
19.1	19.2
19.1	19.3
19.1	19.4
19.1	19.5
19.1	19.6
19.1	19.7
19.1	19.8
19.1	19.9
19.1	19.10
19.1	19.11
19.1	19.12
19.1	19.13
19.1	19.14
19.1	19.15
19.1	19.16
19.1	19.17
19.1	19.18
19.1	19.19
19.1	19.20
19.1	19.21
19.1	19.22
19.1	19.23
19.1	19.24
19.1	19.25
19.1	19.26
19.1	19.27
19.1	19.28
19.1	19.29
19.1	19.30
19.1	19.31
19.2	19.32
19.2	19.33
19.2	19.34
19.2	19.35
19.2	19.36
19.2	19.37
19.2	19.38
19.2	19.39
19.2	19.40
19.2	19.41
19.2	19.42
19.2	19.43
19.2	19.44
19.2	19.45
19.2	19.46
19.2	19.47
19.2	19.48
19.2	19.49
19.2	19.50
19.2	19.51
19.2	19.52
19.2	19.53
19.2	19.54
19.2	19.55
19.2	19.56
19.2	19.57
19.2	19.58
19.2	19.59
19.2	19.60
19.2	19.61
19.3	19.62
19.3	19.63
19.3	19.64
19.3	19.65
19.3	19.66
19.3	19.67
19.3	19.68
19.3	19.69
19.3	19.70
19.3	19.71
19.3	19.72
19.3	19.73
19.4	19.74
19.4	19.75
19.4	19.76
19.4	19.77
19.5	19.78
19.5	19.79
19.5	19.80
19.5	19.81
19.6	19.82
19.6	19.83
19.6	19.84
19.6	19.85
19.7	19.86
19.7	19.87
19.7	19.88
19.7	19.89
19.8	19.90
19.8	19.91
19.8	19.92
19.8	19.93
19.9	19.94
19.9	19.95
19.9	19.96
19.9	19.97
19.10	19.98
19.10	19.99
19.10	19.100
19.10	19.101
20.1	20.1
20.1	20.2
20.1	20.3
20.1	20.4
20.1	20.5
20.1	20.6
20.1	20.7
20.1	20.8
20.1	20.9
20.1	20.10
20.1	20.11
20.1	20.12
20.1	20.13
20.1	20.14
20.1	20.15
20.1	20.16
20.1	20.17
20.1	20.18
20.1	20.19
20.1	20.20
20.1	20.21
20.1	20.22
20.1	20.23
20.1	20.24
20.1	20.25
20.1	20.26
20.1	20.27
20.1	20.28
20.1	20.29
20.1	20.30
20.1	20.31
20.1	20.32
20.1	20.33
20.1	20.34
20.1	20.35
20.1	20.36
20.1	20.37
20.1	20.38
20.1	20.39
20.1	20.40
20.1	20.41
20.1	20.42
20.1	20.43
20.1	20.44
20.1	20.45
20.1	20.46
20.2	20.47
20.2	20.48
20.2	20.49
20.2	20.50
20.2	20.51
20.2	20.52
20.2	20.53
20.2	20.54
20.2	20.55
20.2	20.56
20.2	20.57
20.2	20.58
20.2	20.59
20.2	20.60
20.3	20.61
20.3	20.62
20.3	20.63
20.3	20.64
20.3	20.65
20.3	20.66
20.3	20.67
20.3	20.68
20.3	20.69
20.3	20.70
20.4	20.71
20.4	20.72
20.4	20.73
20.4	20.74
20.4	20.75
20.4	20.76
20.4	20.77
20.4	20.78
20.4	20.79
20.5	20.80
20.5	20.81
20.5	20.82
20.5	20.83
20.5	20.84
20.5	20.85
20.5	20.86
20.6	20.87
20.6	20.88
20.6	20.89
20.6	20.90
20.6	20.91
20.7	20.92
20.7	20.93
20.7	20.94
20.7	20.95
20.8	20.96
20.8	20.97
20.8	20.98
20.8	20.99
20.9	20.100
20.9	20.101
20.9	20.102
20.9	20.103
21.1	21.1
21.1	21.2
21.1	21.3
21.1	21.4
21.1	21.5
21.1	21.6
21.1	21.7
21.1	21.8
21.1	21.9
21.1	21.10
21.1	21.11
21.1	21.12
21.1	21.13
21.1	21.14
21.1	21.15
21.1	21.16
21.1	21.17
21.1	21.18
21.1	21.19
21.1	21.20
21.1	21.21
21.1	21.22
21.1	21.23
21.1	21.24
21.1	21.25
21.1	21.26
21.1	21.27
21.1	21.28
21.1	21.29
21.1	21.30
21.1	21.31
21.1	21.32
21.1	21.33
21.1	21.34
21.1	21.35
21.1	21.36
21.1	21.37
21.1	21.38
21.1	21.39
21.1	21.40
21.1	21.41
21.1	21.42
21.1	21.43
21.1	21.44
21.1	21.45
21.1	21.46
21.1	21.47
21.1	21.48
21.1	21.49
21.1	21.50
21.1	21.51
21.1	21.52
21.1	21.53
21.1	21.54
21.1	21.55
21.1	21.56
21.1	21.57
21.1	21.58
21.1	21.59
21.2	21.60
21.2	21.61
21.2	21.62
21.2	21.63
21.2	21.64
21.2	21.65
21.2	21.66
21.2	21.67
21.2	21.68
21.2	21.69
21.2	21.70
21.2	21.71
21.2	21.72
21.2	21.73
21.2	21.74
21.3	21.75
21.3	21.76
21.3	21.77
21.3	21.78
21.3	21.79
21.3	21.80
21.3	21.81
21.4	21.82
21.4	21.83
21.4	21.84
21.4	21.85
21.4	21.86
21.4	21.87
21.4	21.88
21.5	21.89
21.5	21.90
21.5	21.91
21.5	21.92
21.6	21.93
21.6	21.94
21.6	21.95
21.6	21.96
21.7	21.97
21.7	21.98
21.7	21.99
21.7	21.100
22.1	22.1
22.1	22.2
22.1	22.3
22.1	22.4
22.1	22.5
22.1	22.6
22.1	22.7
22.1	22.8
22.1	22.9
22.1	22.10
22.1	22.11
22.1	22.12
22.1	22.13
22.1	22.14
22.1	22.15
22.1	22.16
22.1	22.17
22.1	22.18
22.1	22.19
22.1	22.20
22.1	22.21
22.1	22.22
22.1	22.23
22.1	22.24
22.1	22.25
22.1	22.26
22.1	22.27
22.1	22.28
22.1	22.29
22.1	22.30
22.1	22.31
22.1	22.32
22.1	22.33
22.1	22.34
22.1	22.35
22.1	22.36
22.1	22.37
22.1	22.38
22.1	22.39
22.1	22.40
22.1	22.41
22.1	22.42
22.1	22.43
22.1	22.44
22.1	22.45
22.1	22.46
22.1	22.47
22.1	22.48
22.1	22.49
22.1	22.50
22.1	22.51
22.1	22.52
22.1	22.53
22.1	22.54
22.1	22.55
22.1	22.56
22.1	22.57
22.1	22.58
22.1	22.59
22.1	22.60
22.1	22.61
22.1	22.62
22.1	22.63
22.1	22.64
22.1	22.65
22.1	22.66
22.1	22.67
22.1	22.68
22.1	22.69
22.1	22.70
22.1	22.71
22.1	22.72
22.2	22.73
22.2	22.74
22.2	22.75
22.2	22.76
22.2	22.77
22.2	22.78
22.2	22.79
22.2	22.80
22.2	22.81
22.2	22.82
22.2	22.83
22.2	22.84
22.3	22.85
22.3	22.86
22.3	22.87
22.3	22.88
22.3	22.89
22.4	22.90
22.4	22.91
22.4	22.92
22.4	22.93
22.5	22.94
22.5	22.95
22.5	22.96
22.5	22.97
22.6	22.98
22.6	22.99
22.6	22.100
22.6	22.101
22.7	22.102
22.7	22.103
22.7	22.104
22.7	22.105
22.8	22.106
22.8	22.107
22.8	22.108
22.8	22.109
22.9	22.110
22.9	22.111
22.9	22.112
22.9	22.113
22.10	22.114
22.10	22.115
22.10	22.116
22.10	22.117
23.1	23.1
23.1	23.2
23.1	23.3
23.1	23.4
23.1	23.5
23.1	23.6
23.1	23.7
23.1	23.8
23.1	23.9
23.1	23.10
23.1	23.11
23.1	23.12
23.1	23.13
23.1	23.14
23.1	23.15
23.1	23.16
23.1	23.17
23.1	23.18
23.1	23.19
23.1	23.20
23.1	23.21
23.1	23.22
23.1	23.23
23.1	23.24
23.1	23.25
23.1	23.26
23.1	23.27
23.1	23.28
23.1	23.29
23.1	23.30
23.1	23.31
23.1	23.32
23.2	23.33
23.2	23.34
23.2	23.35
23.2	23.36
23.2	23.37
23.2	23.38
23.2	23.39
23.2	23.40
23.2	23.41
23.2	23.42
23.2	23.43
23.2	23.44
23.2	23.45
23.2	23.46
23.2	23.47
23.3	23.48
23.3	23.49
23.3	23.50
23.3	23.51
23.3	23.52
23.3	23.53
23.3	23.54
23.3	23.55
23.3	23.56
23.3	23.57
23.3	23.58
23.4	23.59
23.4	23.60
23.4	23.61
23.4	23.62
23.4	23.63
23.5	23.64
23.5	23.65
23.5	23.66
23.5	23.67
23.5	23.68
23.6	23.69
23.6	23.70
23.6	23.71
23.6	23.72
23.7	23.73
23.7	23.74
23.7	23.75
23.7	23.76
23.8	23.77
23.8	23.78
23.8	23.79
23.8	23.80
23.9	23.81
23.9	23.82
23.9	23.83
23.9	23.84
23.10	23.85
23.10	23.86
23.10	23.87
23.10	23.88
24.1	24.1
24.1	24.2
24.1	24.3
24.1	24.4
24.1	24.5
24.2	24.6
24.2	24.7
24.2	24.8
24.2	24.9
24.3	24.10
24.3	24.11
24.3	24.12
24.3	24.13
24.4	24.14
24.4	24.15
24.4	24.16
24.4	24.17
24.5	24.18
24.5	24.19
24.5	24.20
24.5	24.21
24.6	24.22
24.6	24.23
24.6	24.24
24.6	24.25
24.7	24.26
24.7	24.27
24.7	24.28
24.7	24.29
24.8	24.30
24.8	24.31
24.8	24.32
24.8	24.33
24.9	24.34
24.9	24.35
24.9	24.36
24.9	24.37
24.10	24.38
24.10	24.39
24.10	24.40
24.10	24.41
25.1	25.1
25.1	25.2
25.1	25.3
25.1	25.4
25.1	25.5
25.1	25.6
25.1	25.7
25.1	25.8
25.2	25.9
25.2	25.10
25.2	25.11
25.2	25.12
25.2	25.13
25.2	25.14
25.2	25.15
25.2	25.16
25.3	25.17
25.3	25.18
25.3	25.19
25.3	25.20
25.3	25.21
25.3	25.22
25.3	25.23
25.3	25.24
25.4	25.25
25.4	25.26
25.4	25.27
25.4	25.28
25.4	25.29
25.4	25.30
25.4	25.31
25.4	25.32
25.5	25.33
25.5	25.34
25.5	25.35
25.5	25.36
25.5	25.37
25.5	25.38
25.5	25.39
25.6	25.40
25.6	25.41
25.6	25.42
25.6	25.43
25.6	25.44
25.6	25.45
25.6	25.46
25.7	25.47
25.7	25.48
25.7	25.49
25.7	25.50
25.7	25.51
25.7	25.52
25.7	25.53
25.8	25.54
25.8	25.55
25.8	25.56
25.8	25.57
25.8	25.58
25.8	25.59
25.9	25.60
25.9	25.61
25.9	25.62
25.9	25.63
25.9	25.64
25.10	25.65
25.10	25.66
25.10	25.67
25.10	25.68
25.10	25.69
26.1	26.1
26.1	26.2
26.1	26.3
26.1	26.4
26.1	26.5
26.1	26.6
26.1	26.7
26.1	26.8
26.1	26.9
26.1	26.10
26.1	26.11
26.1	26.12
26.1	26.13
26.1	26.14
26.1	26.15
26.1	26.16
26.1	26.17
26.1	26.18
26.1	26.19
26.1	26.20
26.1	26.21
26.1	26.22
26.1	26.23
26.1	26.24
26.1	26.25
26.1	26.26
26.1	26.27
26.1	26.28
26.1	26.29
26.1	26.30
26.1	26.31
26.1	26.32
26.1	26.33
26.1	26.34
26.1	26.35
26.1	26.36
26.1	26.37
26.1	26.38
26.1	26.39
26.1	26.40
26.1	26.41
26.1	26.42
26.1	26.43
26.1	26.44
26.1	26.45
26.1	26.46
26.1	26.47
26.1	26.48
26.1	26.49
26.1	26.50
26.1	26.51
26.1	26.52
26.1	26.53
26.1	26.54
26.1	26.55
26.1	26.56
26.1	26.57
26.1	26.58
26.1	26.59
26.1	26.60
26.1	26.61
26.1	26.62
26.1	26.63
26.1	26.64
26.1	26.65
26.1	26.66
26.1	26.67
26.1	26.68
26.1	26.69
26.1	26.70
26.1	26.71
26.1	26.72
26.1	26.73
26.1	26.74
26.1	26.75
26.1	26.76
26.1	26.77
26.1	26.78
26.1	26.79
26.1	26.80
26.2	26.81
26.2	26.82
26.2	26.83
26.2	26.84
26.2	26.85
26.2	26.86
26.2	26.87
26.2	26.88
26.3	26.89
26.3	26.90
26.3	26.91
26.3	26.92
26.4	26.93
26.4	26.94
26.4	26.95
26.4	26.96
26.5	26.97
26.5	26.98
26.5	26.99
26.5	26.100
26.6	26.101
26.6	26.102
26.6	26.103
26.6	26.104
26.7	26.105
26.7	26.106
26.7	26.107
26.7	26.108
27.1	27.1
27.1	27.2
27.1	27.3
27.1	27.4
27.1	27.5
27.1	27.6
27.1	27.7
27.1	27.8
27.1	27.9
27.1	27.10
27.1	27.11
27.1	27.12
27.1	27.13
27.1	27.14
27.1	27.15
27.1	27.16
27.1	27.17
27.1	27.18
27.1	27.19
27.1	27.20
27.1	27.21
27.1	27.22
27.1	27.23
27.1	27.24
27.1	27.25
27.1	27.26
27.1	27.27
27.1	27.28
27.1	27.29
27.1	27.30
27.1	27.31
27.1	27.32
27.1	27.33
27.1	27.34
27.1	27.35
27.1	27.36
27.1	27.37
27.1	27.38
27.1	27.39
27.1	27.40
27.1	27.41
27.1	27.42
27.1	27.43
27.1	27.44
27.1	27.45
27.1	27.46
27.1	27.47
27.1	27.48
27.1	27.49
27.1	27.50
27.1	27.51
27.1	27.52
27.1	27.53
27.1	27.54
27.1	27.55
27.1	27.56
27.1	27.57
27.1	27.58
27.1	27.59
27.1	27.60
27.1	27.61
27.1	27.62
27.1	27.63
27.1	27.64
27.1	27.65
27.1	27.66
27.1	27.67
27.1	27.68
27.2	27.69
27.2	27.70
27.2	27.71
27.2	27.72
27.2	27.73
27.2	27.74
27.2	27.75
27.2	27.76
27.3	27.77
27.3	27.78
27.3	27.79
27.3	27.80
27.3	27.81
27.3	27.82
27.3	27.83
27.3	27.84
27.4	27.85
27.4	27.86
27.4	27.87
27.4	27.88
27.4	27.89
27.5	27.90
27.5	27.91
27.5	27.92
27.5	27.93
27.6	27.94
27.6	27.95
27.6	27.96
27.6	27.97
27.7	27.98
27.7	27.99
27.7	27.100
27.7	27.101
27.8	27.102
27.8	27.103
27.8	27.104
27.8	27.105
27.9	27.106
27.9	27.107
27.9	27.108
27.9	27.109
27.10	27.110
27.10	27.111
27.10	27.112
27.10	27.113
28.1	28.1
28.1	28.2
28.1	28.3
28.1	28.4
28.1	28.5
28.1	28.6
28.1	28.7
28.1	28.8
28.1	28.9
28.1	28.10
28.1	28.11
28.1	28.12
28.1	28.13
28.1	28.14
28.1	28.15
28.1	28.16
28.1	28.17
28.1	28.18
28.1	28.19
28.1	28.20
28.1	28.21
28.1	28.22
28.1	28.23
28.1	28.24
28.1	28.25
28.1	28.26
28.1	28.27
28.1	28.28
28.1	28.29
28.1	28.30
28.1	28.31
28.1	28.32
28.1	28.33
28.1	28.34
28.1	28.35
28.1	28.36
28.1	28.37
28.1	28.38
28.2	28.39
28.2	28.40
28.2	28.41
28.2	28.42
28.2	28.43
28.2	28.44
28.2	28.45
28.2	28.46
28.2	28.47
28.2	28.48
28.2	28.49
28.2	28.50
28.2	28.51
28.2	28.52
28.2	28.53
28.2	28.54
28.2	28.55
28.2	28.56
28.2	28.57
28.2	28.58
28.2	28.59
28.2	28.60
28.2	28.61
28.2	28.62
28.2	28.63
28.3	28.64
28.3	28.65
28.3	28.66
28.3	28.67
28.3	28.68
28.3	28.69
28.3	28.70
28.3	28.71
28.3	28.72
28.3	28.73
28.3	28.74
28.3	28.75
28.3	28.76
28.3	28.77
28.3	28.78
28.3	28.79
28.3	28.80
28.3	28.81
28.4	28.82
28.4	28.83
28.4	28.84
28.4	28.85
28.4	28.86
28.4	28.87
28.4	28.88
28.4	28.89
28.4	28.90
28.4	28.91
28.4	28.92
28.4	28.93
28.5	28.94
28.5	28.95
28.5	28.96
28.5	28.97
28.6	28.98
28.6	28.99
28.6	28.100
28.6	28.101
28.7	28.102
28.7	28.103
28.7	28.104
28.7	28.105
29.1	29.1
29.1	29.2
29.1	29.3
29.1	29.4
29.1	29.5
29.1	29.6
29.1	29.7
29.1	29.8
29.1	29.9
29.1	29.10
29.1	29.11
29.1	29.12
29.1	29.13
29.1	29.14
29.1	29.15
29.1	29.16
29.1	29.17
29.1	29.18
29.1	29.19
29.1	29.20
29.1	29.21
29.1	29.22
29.1	29.23
29.1	29.24
29.1	29.25
29.1	29.26
29.1	29.27
29.1	29.28
29.1	29.29
29.1	29.30
29.1	29.31
29.1	29.32
29.1	29.33
29.1	29.34
29.1	29.35
29.1	29.36
29.1	29.37
29.1	29.38
29.2	29.39
29.2	29.40
29.2	29.41
29.2	29.42
29.2	29.43
29.2	29.44
29.2	29.45
29.2	29.46
29.2	29.47
29.2	29.48
29.2	29.49
29.2	29.50
29.2	29.51
29.2	29.52
29.2	29.53
29.3	29.54
29.3	29.55
29.3	29.56
29.3	29.57
29.3	29.58
29.3	29.59
29.3	29.60
29.3	29.61
29.3	29.62
29.3	29.63
29.4	29.64
29.4	29.65
29.4	29.66
29.4	29.67
29.4	29.68
29.4	29.69
29.4	29.70
29.5	29.71
29.5	29.72
29.5	29.73
29.5	29.74
29.5	29.75
29.5	29.76
29.5	29.77
29.6	29.78
29.6	29.79
29.6	29.80
29.6	29.81
29.6	29.82
29.6	29.83
29.6	29.84
29.7	29.85
29.7	29.86
29.7	29.87
29.7	29.88
29.7	29.89
29.8	29.90
29.8	29.91
29.8	29.92
29.8	29.93
29.9	29.94
29.9	29.95
29.9	29.96
29.9	29.97
29.10	29.98
29.10	29.99
29.10	29.100
29.10	29.101
30.1	30.1
30.1	30.2
30.1	30.3
30.1	30.4
30.1	30.5
30.1	30.6
30.1	30.7
30.1	30.8
30.1	30.9
30.1	30.10
30.1	30.11
30.1	30.12
30.1	30.13
30.1	30.14
30.1	30.15
30.1	30.16
30.1	30.17
30.1	30.18
30.1	30.19
30.1	30.20
30.1	30.21
30.1	30.22
30.1	30.23
30.1	30.24
30.1	30.25
30.1	30.26
30.1	30.27
30.1	30.28
30.1	30.29
30.1	30.30
30.2	30.31
30.2	30.32
30.2	30.33
30.2	30.34
30.2	30.35
30.2	30.36
30.2	30.37
30.2	30.38
30.2	30.39
30.2	30.40
30.2	30.41
30.2	30.42
30.2	30.43
30.2	30.44
30.2	30.45
30.2	30.46
30.2	30.47
30.2	30.48
30.2	30.49
30.2	30.50
30.2	30.51
30.3	30.52
30.3	30.53
30.3	30.54
30.3	30.55
30.3	30.56
30.3	30.57
30.3	30.58
30.3	30.59
30.3	30.60
30.3	30.61
30.4	30.62
30.4	30.63
30.4	30.64
30.4	30.65
30.4	30.66
30.4	30.67
30.4	30.68
30.4	30.69
30.4	30.70
30.5	30.71
30.5	30.72
30.5	30.73
30.5	30.74
30.5	30.75
30.5	30.76
30.5	30.77
30.5	30.78
30.6	30.79
30.6	30.80
30.6	30.81
30.6	30.82
30.6	30.83
30.6	30.84
30.6	30.85
30.7	30.86
30.7	30.87
30.7	30.88
30.7	30.89
30.7	30.90
30.7	30.91
30.8	30.92
30.8	30.93
30.8	30.94
30.8	30.95
30.9	30.96
30.9	30.97
30.9	30.98
30.9	30.99
